# This file was produced by samtools stats (1.7+htslib-1.7) and can be plotted using plot-bamstats
# This file contains statistics for all reads.
# The command line was:  stats -t len.txt -i 2000 -@ 3 fabp-GFP-3-minus_S6_R1_001.sort.bam
# CHK, Checksum	[2]Read Names	[3]Sequences	[4]Qualities
# CHK, CRC32 of reads which passed filtering followed by addition (32bit overflow)
CHK	cfc7591c	f87c8420	6b1d9bb8
# Summary Numbers. Use `grep ^SN | cut -f 2-` to extract this part.
SN	raw total sequences:	24224744
SN	filtered sequences:	0
SN	sequences:	24224744
SN	is sorted:	1
SN	1st fragments:	12112372
SN	last fragments:	12112372
SN	reads mapped:	24224744
SN	reads mapped and paired:	24224744	# paired-end technology bit set + both mates mapped
SN	reads unmapped:	0
SN	reads properly paired:	24224744	# proper-pair bit set
SN	reads paired:	24224744	# paired-end technology bit set
SN	reads duplicated:	0	# PCR or optical duplicate bit set
SN	reads MQ0:	0	# mapped and MQ=0
SN	reads QC failed:	0
SN	non-primary alignments:	0
SN	total length:	1567310607	# ignores clipping
SN	bases mapped:	1567310607	# ignores clipping
SN	bases mapped (cigar):	1567310607	# more accurate
SN	bases trimmed:	0
SN	bases duplicated:	0
SN	mismatches:	33032283	# from NM fields
SN	error rate:	2.107577e-02	# mismatches / bases mapped (cigar)
SN	average length:	64
SN	maximum length:	76
SN	average quality:	31.4
SN	insert size average:	134.8
SN	insert size standard deviation:	54.0
SN	inward oriented pairs:	6209257
SN	outward oriented pairs:	0
SN	pairs with other orientation:	0
SN	pairs on different chromosomes:	0
# First Fragment Qualitites. Use `grep ^FFQ | cut -f 2-` to extract this part.
# Columns correspond to qualities and rows to cycles. First column is the cycle number.
FFQ	1	0	0	1971	0	0	0	0	0	0	0	0	0	0	0	837268	0	0	0	0	0	0	608357	0	0	0	0	0	45330	0	0	0	0	10619446	0	0	0	0	0	0	0	0	0
FFQ	2	0	0	119	0	0	0	0	0	0	0	0	0	0	0	892734	0	0	0	0	0	0	331504	0	0	0	0	0	9163	0	0	0	0	10878852	0	0	0	0	0	0	0	0	0
FFQ	3	0	0	3	0	0	0	0	0	0	0	0	0	0	0	808837	0	0	0	0	0	0	427129	0	0	0	0	0	7859	0	0	0	0	10868544	0	0	0	0	0	0	0	0	0
FFQ	4	0	0	0	0	0	0	0	0	0	0	0	0	0	0	706047	0	0	0	0	0	0	393373	0	0	0	0	0	6056	0	0	0	0	11006896	0	0	0	0	0	0	0	0	0
FFQ	5	0	0	0	0	0	0	0	0	0	0	0	0	0	0	818487	0	0	0	0	0	0	711174	0	0	0	0	0	11562	0	0	0	0	10571149	0	0	0	0	0	0	0	0	0
FFQ	6	0	0	0	0	0	0	0	0	0	0	0	0	0	0	1092985	0	0	0	0	0	0	775010	0	0	0	0	0	11165	0	0	0	0	1581182	0	0	0	8652030	0	0	0	0	0
FFQ	7	0	0	0	0	0	0	0	0	0	0	0	0	0	0	1068722	0	0	0	0	0	0	591498	0	0	0	0	0	30779	0	0	0	0	1587231	0	0	0	8834142	0	0	0	0	0
FFQ	8	0	0	2	0	0	0	0	0	0	0	0	0	0	0	1183971	0	0	0	0	0	0	501658	0	0	0	0	0	83855	0	0	0	0	1498129	0	0	0	8844757	0	0	0	0	0
FFQ	9	0	0	0	0	0	0	0	0	0	0	0	0	0	0	991159	0	0	0	0	0	0	414511	0	0	0	0	0	107056	0	0	0	0	1547213	0	0	0	9052433	0	0	0	0	0
FFQ	10	0	0	0	0	0	0	0	0	0	0	0	0	0	0	1174903	0	0	0	0	0	0	331844	0	0	0	0	0	142957	0	0	0	0	1507411	0	0	0	8955257	0	0	0	0	0
FFQ	11	0	0	0	0	0	0	0	0	0	0	0	0	0	0	985644	0	0	0	0	0	0	330442	0	0	0	0	0	90282	0	0	0	0	1353916	0	0	0	9352088	0	0	0	0	0
FFQ	12	0	0	0	0	0	0	0	0	0	0	0	0	0	0	1063724	0	0	0	0	0	0	337775	0	0	0	0	0	119873	0	0	0	0	1397771	0	0	0	9193229	0	0	0	0	0
FFQ	13	0	0	0	0	0	0	0	0	0	0	0	0	0	0	945394	0	0	0	0	0	0	322119	0	0	0	0	0	93187	0	0	0	0	1325988	0	0	0	9425684	0	0	0	0	0
FFQ	14	0	0	5	0	0	0	0	0	0	0	0	0	0	0	1000886	0	0	0	0	0	0	335223	0	0	0	0	0	107678	0	0	0	0	1404764	0	0	0	9263816	0	0	0	0	0
FFQ	15	0	0	8	0	0	0	0	0	0	0	0	0	0	0	1047889	0	0	0	0	0	0	342790	0	0	0	0	0	92100	0	0	0	0	1370851	0	0	0	9258734	0	0	0	0	0
FFQ	16	0	0	1	0	0	0	0	0	0	0	0	0	0	0	1034638	0	0	0	0	0	0	344780	0	0	0	0	0	94363	0	0	0	0	1353860	0	0	0	9284730	0	0	0	0	0
FFQ	17	0	0	0	0	0	0	0	0	0	0	0	0	0	0	1017616	0	0	0	0	0	0	342162	0	0	0	0	0	94527	0	0	0	0	1349011	0	0	0	9309056	0	0	0	0	0
FFQ	18	0	0	0	0	0	0	0	0	0	0	0	0	0	0	1017272	0	0	0	0	0	0	337162	0	0	0	0	0	94536	0	0	0	0	1343639	0	0	0	9319763	0	0	0	0	0
FFQ	19	0	0	0	0	0	0	0	0	0	0	0	0	0	0	1000944	0	0	0	0	0	0	324498	0	0	0	0	0	92492	0	0	0	0	1346659	0	0	0	9347779	0	0	0	0	0
FFQ	20	0	0	5	0	0	0	0	0	0	0	0	0	0	0	1032316	0	0	0	0	0	0	325668	0	0	0	0	0	97512	0	0	0	0	1369687	0	0	0	9287184	0	0	0	0	0
FFQ	21	0	0	0	0	0	0	0	0	0	0	0	0	0	0	1037661	0	0	0	0	0	0	313026	0	0	0	0	0	100146	0	0	0	0	1384234	0	0	0	9277305	0	0	0	0	0
FFQ	22	0	0	1	0	0	0	0	0	0	0	0	0	0	0	1063042	0	0	0	0	0	0	307858	0	0	0	0	0	101665	0	0	0	0	1402882	0	0	0	9236924	0	0	0	0	0
FFQ	23	0	0	1	0	0	0	0	0	0	0	0	0	0	0	1088604	0	0	0	0	0	0	284108	0	0	0	0	0	110126	0	0	0	0	1403605	0	0	0	9225928	0	0	0	0	0
FFQ	24	0	0	0	0	0	0	0	0	0	0	0	0	0	0	1096400	0	0	0	0	0	0	281627	0	0	0	0	0	111383	0	0	0	0	1414030	0	0	0	9208930	0	0	0	0	0
FFQ	25	0	0	8	0	0	0	0	0	0	0	0	0	0	0	1113662	0	0	0	0	0	0	269664	0	0	0	0	0	115252	0	0	0	0	1419943	0	0	0	9193838	0	0	0	0	0
FFQ	26	0	0	5	0	0	0	0	0	0	0	0	0	0	0	1224765	0	0	0	0	0	0	278090	0	0	0	0	0	117478	0	0	0	0	1421374	0	0	0	9070642	0	0	0	0	0
FFQ	27	0	0	7	0	0	0	0	0	0	0	0	0	0	0	1231466	0	0	0	0	0	0	267971	0	0	0	0	0	118915	0	0	0	0	1425487	0	0	0	9068490	0	0	0	0	0
FFQ	28	0	0	7	0	0	0	0	0	0	0	0	0	0	0	1245135	0	0	0	0	0	0	244217	0	0	0	0	0	127747	0	0	0	0	1422100	0	0	0	9073120	0	0	0	0	0
FFQ	29	0	0	13	0	0	0	0	0	0	0	0	0	0	0	1278912	0	0	0	0	0	0	234675	0	0	0	0	0	133965	0	0	0	0	1436298	0	0	0	9028447	0	0	0	0	0
FFQ	30	0	0	2	0	0	0	0	0	0	0	0	0	0	0	1297015	0	0	0	0	0	0	224818	0	0	0	0	0	143201	0	0	0	0	1440626	0	0	0	9006590	0	0	0	0	0
FFQ	31	0	0	110	0	0	0	0	0	0	0	0	0	0	0	1298699	0	0	0	0	0	0	218857	0	0	0	0	0	146468	0	0	0	0	1431844	0	0	0	9016106	0	0	0	0	0
FFQ	32	0	0	238	0	0	0	0	0	0	0	0	0	0	0	1333874	0	0	0	0	0	0	214692	0	0	0	0	0	149003	0	0	0	0	1435521	0	0	0	8978381	0	0	0	0	0
FFQ	33	0	0	455	0	0	0	0	0	0	0	0	0	0	0	1378583	0	0	0	0	0	0	220307	0	0	0	0	0	159566	0	0	0	0	1454240	0	0	0	8897040	0	0	0	0	0
FFQ	34	0	0	780	0	0	0	0	0	0	0	0	0	0	0	1419741	0	0	0	0	0	0	214322	0	0	0	0	0	168567	0	0	0	0	1479828	0	0	0	8824768	0	0	0	0	0
FFQ	35	0	0	2800	0	0	0	0	0	0	0	0	0	0	0	1421124	0	0	0	0	0	0	208821	0	0	0	0	0	167994	0	0	0	0	1484510	0	0	0	8820157	0	0	0	0	0
FFQ	36	0	0	1	0	0	0	0	0	0	0	0	0	0	0	1478688	0	0	0	0	0	0	207925	0	0	0	0	0	181723	0	0	0	0	1497888	0	0	0	8668849	0	0	0	0	0
FFQ	37	0	0	4	0	0	0	0	0	0	0	0	0	0	0	1462696	0	0	0	0	0	0	194050	0	0	0	0	0	185448	0	0	0	0	1483764	0	0	0	8607659	0	0	0	0	0
FFQ	38	0	0	1	0	0	0	0	0	0	0	0	0	0	0	1462194	0	0	0	0	0	0	197526	0	0	0	0	0	195023	0	0	0	0	1445973	0	0	0	8512889	0	0	0	0	0
FFQ	39	0	0	0	0	0	0	0	0	0	0	0	0	0	0	1525915	0	0	0	0	0	0	203048	0	0	0	0	0	224199	0	0	0	0	1460214	0	0	0	8269310	0	0	0	0	0
FFQ	40	0	0	5	0	0	0	0	0	0	0	0	0	0	0	1509650	0	0	0	0	0	0	198107	0	0	0	0	0	229524	0	0	0	0	1438724	0	0	0	8150863	0	0	0	0	0
FFQ	41	0	0	2	0	0	0	0	0	0	0	0	0	0	0	1504512	0	0	0	0	0	0	194293	0	0	0	0	0	234825	0	0	0	0	1417327	0	0	0	8005793	0	0	0	0	0
FFQ	42	0	0	1	0	0	0	0	0	0	0	0	0	0	0	1518528	0	0	0	0	0	0	200438	0	0	0	0	0	252039	0	0	0	0	1393164	0	0	0	7815049	0	0	0	0	0
FFQ	43	0	0	12	0	0	0	0	0	0	0	0	0	0	0	1528717	0	0	0	0	0	0	208850	0	0	0	0	0	277539	0	0	0	0	1387456	0	0	0	7586662	0	0	0	0	0
FFQ	44	0	0	16	0	0	0	0	0	0	0	0	0	0	0	1521297	0	0	0	0	0	0	216680	0	0	0	0	0	304701	0	0	0	0	1383322	0	0	0	7352175	0	0	0	0	0
FFQ	45	0	0	16	0	0	0	0	0	0	0	0	0	0	0	1524177	0	0	0	0	0	0	219015	0	0	0	0	0	322571	0	0	0	0	1392793	0	0	0	7104324	0	0	0	0	0
FFQ	46	0	0	6	0	0	0	0	0	0	0	0	0	0	0	1537188	0	0	0	0	0	0	228037	0	0	0	0	0	340930	0	0	0	0	1375368	0	0	0	6876448	0	0	0	0	0
FFQ	47	0	0	15	0	0	0	0	0	0	0	0	0	0	0	1539988	0	0	0	0	0	0	230106	0	0	0	0	0	353565	0	0	0	0	1368024	0	0	0	6679603	0	0	0	0	0
FFQ	48	0	0	4	0	0	0	0	0	0	0	0	0	0	0	1517716	0	0	0	0	0	0	225897	0	0	0	0	0	343353	0	0	0	0	1366500	0	0	0	6548634	0	0	0	0	0
FFQ	49	0	0	16	0	0	0	0	0	0	0	0	0	0	0	1482491	0	0	0	0	0	0	210758	0	0	0	0	0	339591	0	0	0	0	1374233	0	0	0	6435791	0	0	0	0	0
FFQ	50	0	0	7	0	0	0	0	0	0	0	0	0	0	0	1490079	0	0	0	0	0	0	208339	0	0	0	0	0	344464	0	0	0	0	1386128	0	0	0	6248388	0	0	0	0	0
FFQ	51	0	0	4	0	0	0	0	0	0	0	0	0	0	0	1490309	0	0	0	0	0	0	211184	0	0	0	0	0	355800	0	0	0	0	1376083	0	0	0	6069413	0	0	0	0	0
FFQ	52	0	0	1	0	0	0	0	0	0	0	0	0	0	0	1503505	0	0	0	0	0	0	210683	0	0	0	0	0	366698	0	0	0	0	1391868	0	0	0	5849153	0	0	0	0	0
FFQ	53	0	0	0	0	0	0	0	0	0	0	0	0	0	0	1483265	0	0	0	0	0	0	210049	0	0	0	0	0	378943	0	0	0	0	1383802	0	0	0	5683899	0	0	0	0	0
FFQ	54	0	0	1	0	0	0	0	0	0	0	0	0	0	0	1471988	0	0	0	0	0	0	205779	0	0	0	0	0	391432	0	0	0	0	1408197	0	0	0	5476586	0	0	0	0	0
FFQ	55	0	0	1	0	0	0	0	0	0	0	0	0	0	0	1501690	0	0	0	0	0	0	212698	0	0	0	0	0	411653	0	0	0	0	1425397	0	0	0	5218270	0	0	0	0	0
FFQ	56	0	0	0	0	0	0	0	0	0	0	0	0	0	0	1485202	0	0	0	0	0	0	208239	0	0	0	0	0	434091	0	0	0	0	1454468	0	0	0	5014885	0	0	0	0	0
FFQ	57	0	0	7	0	0	0	0	0	0	0	0	0	0	0	1495507	0	0	0	0	0	0	207464	0	0	0	0	0	453783	0	0	0	0	1471234	0	0	0	4812085	0	0	0	0	0
FFQ	58	0	0	2	0	0	0	0	0	0	0	0	0	0	0	1496867	0	0	0	0	0	0	207553	0	0	0	0	0	464012	0	0	0	0	1472140	0	0	0	4660946	0	0	0	0	0
FFQ	59	0	0	5	0	0	0	0	0	0	0	0	0	0	0	1531463	0	0	0	0	0	0	217894	0	0	0	0	0	503588	0	0	0	0	1485818	0	0	0	4434764	0	0	0	0	0
FFQ	60	0	0	16	0	0	0	0	0	0	0	0	0	0	0	1536170	0	0	0	0	0	0	223165	0	0	0	0	0	528771	0	0	0	0	1496203	0	0	0	4258053	0	0	0	0	0
FFQ	61	0	0	9	0	0	0	0	0	0	0	0	0	0	0	1541309	0	0	0	0	0	0	223004	0	0	0	0	0	529245	0	0	0	0	1471720	0	0	0	4139964	0	0	0	0	0
FFQ	62	0	0	6	0	0	0	0	0	0	0	0	0	0	0	1528844	0	0	0	0	0	0	217671	0	0	0	0	0	538641	0	0	0	0	1474345	0	0	0	4004692	0	0	0	0	0
FFQ	63	0	0	6	0	0	0	0	0	0	0	0	0	0	0	1555913	0	0	0	0	0	0	224455	0	0	0	0	0	551347	0	0	0	0	1468584	0	0	0	3814594	0	0	0	0	0
FFQ	64	0	0	11	0	0	0	0	0	0	0	0	0	0	0	1530676	0	0	0	0	0	0	221375	0	0	0	0	0	553720	0	0	0	0	1440191	0	0	0	3716046	0	0	0	0	0
FFQ	65	0	0	27	0	0	0	0	0	0	0	0	0	0	0	1520977	0	0	0	0	0	0	218458	0	0	0	0	0	537544	0	0	0	0	1414239	0	0	0	3616079	0	0	0	0	0
FFQ	66	0	0	13	0	0	0	0	0	0	0	0	0	0	0	1494057	0	0	0	0	0	0	211647	0	0	0	0	0	528024	0	0	0	0	1381852	0	0	0	3543856	0	0	0	0	0
FFQ	67	0	0	14	0	0	0	0	0	0	0	0	0	0	0	1487415	0	0	0	0	0	0	208125	0	0	0	0	0	531323	0	0	0	0	1360865	0	0	0	3436368	0	0	0	0	0
FFQ	68	0	0	7	0	0	0	0	0	0	0	0	0	0	0	1470435	0	0	0	0	0	0	201316	0	0	0	0	0	534036	0	0	0	0	1345503	0	0	0	3368426	0	0	0	0	0
FFQ	69	0	0	6	0	0	0	0	0	0	0	0	0	0	0	1473231	0	0	0	0	0	0	195560	0	0	0	0	0	529397	0	0	0	0	1338940	0	0	0	3286561	0	0	0	0	0
FFQ	70	0	0	6	0	0	0	0	0	0	0	0	0	0	0	1460305	0	0	0	0	0	0	194764	0	0	0	0	0	527767	0	0	0	0	1315473	0	0	0	3236976	0	0	0	0	0
FFQ	71	0	0	11	0	0	0	0	0	0	0	0	0	0	0	1455754	0	0	0	0	0	0	194709	0	0	0	0	0	530891	0	0	0	0	1302505	0	0	0	3152690	0	0	0	0	0
FFQ	72	0	0	7	0	0	0	0	0	0	0	0	0	0	0	1456414	0	0	0	0	0	0	192509	0	0	0	0	0	538511	0	0	0	0	1294452	0	0	0	3051500	0	0	0	0	0
FFQ	73	0	0	18	0	0	0	0	0	0	0	0	0	0	0	1426170	0	0	0	0	0	0	191975	0	0	0	0	0	531049	0	0	0	0	1260063	0	0	0	2961548	0	0	0	0	0
FFQ	74	0	0	19	0	0	0	0	0	0	0	0	0	0	0	1418881	0	0	0	0	0	0	190376	0	0	0	0	0	521231	0	0	0	0	1227707	0	0	0	2802756	0	0	0	0	0
FFQ	75	0	0	11	0	0	0	0	0	0	0	0	0	0	0	1349471	0	0	0	0	0	0	177390	0	0	0	0	0	485572	0	0	0	0	1123729	0	0	0	2573603	0	0	0	0	0
FFQ	76	0	0	6	0	0	0	0	0	0	0	0	0	0	0	1326817	0	0	0	0	0	0	126634	0	0	0	0	0	372687	0	0	0	0	877654	0	0	0	1764877	0	0	0	0	0
FFQ	77	0	0	0	0	0	0	0	0	0	0	0	0	0	0	0	0	0	0	0	0	0	0	0	0	0	0	0	0	0	0	0	0	0	0	0	0	0	0	0	0	0	0
# Last Fragment Qualitites. Use `grep ^LFQ | cut -f 2-` to extract this part.
# Columns correspond to qualities and rows to cycles. First column is the cycle number.
LFQ	1	0	0	1273	0	0	0	0	0	0	0	0	0	0	0	1274485	0	0	0	0	0	0	474968	0	0	0	0	0	24653	0	0	0	0	10336993	0	0	0	0	0	0	0	0	0
LFQ	2	0	0	128	0	0	0	0	0	0	0	0	0	0	0	1298381	0	0	0	0	0	0	400029	0	0	0	0	0	20056	0	0	0	0	10393778	0	0	0	0	0	0	0	0	0
LFQ	3	0	0	31	0	0	0	0	0	0	0	0	0	0	0	1177321	0	0	0	0	0	0	438068	0	0	0	0	0	44391	0	0	0	0	10452561	0	0	0	0	0	0	0	0	0
LFQ	4	0	0	1	0	0	0	0	0	0	0	0	0	0	0	1164626	0	0	0	0	0	0	325838	0	0	0	0	0	114135	0	0	0	0	10507772	0	0	0	0	0	0	0	0	0
LFQ	5	0	0	0	0	0	0	0	0	0	0	0	0	0	0	1377234	0	0	0	0	0	0	258602	0	0	0	0	0	187137	0	0	0	0	10289399	0	0	0	0	0	0	0	0	0
LFQ	6	0	0	0	0	0	0	0	0	0	0	0	0	0	0	1400380	0	0	0	0	0	0	253470	0	0	0	0	0	180306	0	0	0	0	1282324	0	0	0	8995892	0	0	0	0	0
LFQ	7	0	0	0	0	0	0	0	0	0	0	0	0	0	0	1379812	0	0	0	0	0	0	250154	0	0	0	0	0	227620	0	0	0	0	1329380	0	0	0	8925406	0	0	0	0	0
LFQ	8	0	0	0	0	0	0	0	0	0	0	0	0	0	0	1494383	0	0	0	0	0	0	245797	0	0	0	0	0	233670	0	0	0	0	1343336	0	0	0	8795186	0	0	0	0	0
LFQ	9	0	0	1	0	0	0	0	0	0	0	0	0	0	0	1314856	0	0	0	0	0	0	228950	0	0	0	0	0	257456	0	0	0	0	1448601	0	0	0	8862508	0	0	0	0	0
LFQ	10	0	0	0	0	0	0	0	0	0	0	0	0	0	0	1459792	0	0	0	0	0	0	213815	0	0	0	0	0	276617	0	0	0	0	1439991	0	0	0	8722157	0	0	0	0	0
LFQ	11	0	0	0	0	0	0	0	0	0	0	0	0	0	0	1352147	0	0	0	0	0	0	198629	0	0	0	0	0	227737	0	0	0	0	1355313	0	0	0	8978546	0	0	0	0	0
LFQ	12	0	0	0	0	0	0	0	0	0	0	0	0	0	0	1445074	0	0	0	0	0	0	219844	0	0	0	0	0	271361	0	0	0	0	1439758	0	0	0	8736335	0	0	0	0	0
LFQ	13	0	0	0	0	0	0	0	0	0	0	0	0	0	0	1369704	0	0	0	0	0	0	206540	0	0	0	0	0	241077	0	0	0	0	1407763	0	0	0	8887288	0	0	0	0	0
LFQ	14	0	0	0	0	0	0	0	0	0	0	0	0	0	0	1440689	0	0	0	0	0	0	211273	0	0	0	0	0	274788	0	0	0	0	1495061	0	0	0	8690561	0	0	0	0	0
LFQ	15	0	0	0	0	0	0	0	0	0	0	0	0	0	0	1519166	0	0	0	0	0	0	218583	0	0	0	0	0	269432	0	0	0	0	1465793	0	0	0	8639398	0	0	0	0	0
LFQ	16	0	0	2	0	0	0	0	0	0	0	0	0	0	0	1517043	0	0	0	0	0	0	220924	0	0	0	0	0	266732	0	0	0	0	1447753	0	0	0	8659918	0	0	0	0	0
LFQ	17	0	0	1	0	0	0	0	0	0	0	0	0	0	0	1502759	0	0	0	0	0	0	227969	0	0	0	0	0	269504	0	0	0	0	1434323	0	0	0	8677816	0	0	0	0	0
LFQ	18	0	0	0	0	0	0	0	0	0	0	0	0	0	0	1511969	0	0	0	0	0	0	222268	0	0	0	0	0	276837	0	0	0	0	1423395	0	0	0	8677903	0	0	0	0	0
LFQ	19	0	0	1	0	0	0	0	0	0	0	0	0	0	0	1485679	0	0	0	0	0	0	230323	0	0	0	0	0	288620	0	0	0	0	1409932	0	0	0	8697817	0	0	0	0	0
LFQ	20	0	0	0	0	0	0	0	0	0	0	0	0	0	0	1516623	0	0	0	0	0	0	239620	0	0	0	0	0	300241	0	0	0	0	1420325	0	0	0	8635563	0	0	0	0	0
LFQ	21	0	0	0	0	0	0	0	0	0	0	0	0	0	0	1525503	0	0	0	0	0	0	241619	0	0	0	0	0	301970	0	0	0	0	1445031	0	0	0	8598249	0	0	0	0	0
LFQ	22	0	0	1	0	0	0	0	0	0	0	0	0	0	0	1539313	0	0	0	0	0	0	243835	0	0	0	0	0	319529	0	0	0	0	1435070	0	0	0	8574623	0	0	0	0	0
LFQ	23	0	0	0	0	0	0	0	0	0	0	0	0	0	0	1542303	0	0	0	0	0	0	244037	0	0	0	0	0	320316	0	0	0	0	1422558	0	0	0	8583155	0	0	0	0	0
LFQ	24	0	0	1	0	0	0	0	0	0	0	0	0	0	0	1563280	0	0	0	0	0	0	255287	0	0	0	0	0	332364	0	0	0	0	1433721	0	0	0	8527716	0	0	0	0	0
LFQ	25	0	0	0	0	0	0	0	0	0	0	0	0	0	0	1561693	0	0	0	0	0	0	266070	0	0	0	0	0	346199	0	0	0	0	1431505	0	0	0	8506896	0	0	0	0	0
LFQ	26	0	0	131	0	0	0	0	0	0	0	0	0	0	0	1589054	0	0	0	0	0	0	269619	0	0	0	0	0	355180	0	0	0	0	1459424	0	0	0	8438946	0	0	0	0	0
LFQ	27	0	0	302	0	0	0	0	0	0	0	0	0	0	0	1614912	0	0	0	0	0	0	270249	0	0	0	0	0	357875	0	0	0	0	1481031	0	0	0	8387970	0	0	0	0	0
LFQ	28	0	0	4	0	0	0	0	0	0	0	0	0	0	0	1625909	0	0	0	0	0	0	271692	0	0	0	0	0	370581	0	0	0	0	1515790	0	0	0	8328341	0	0	0	0	0
LFQ	29	0	0	255	0	0	0	0	0	0	0	0	0	0	0	1637888	0	0	0	0	0	0	283717	0	0	0	0	0	396664	0	0	0	0	1539131	0	0	0	8254642	0	0	0	0	0
LFQ	30	0	0	5	0	0	0	0	0	0	0	0	0	0	0	1656364	0	0	0	0	0	0	295199	0	0	0	0	0	421363	0	0	0	0	1563358	0	0	0	8175955	0	0	0	0	0
LFQ	31	0	0	106	0	0	0	0	0	0	0	0	0	0	0	1661068	0	0	0	0	0	0	313890	0	0	0	0	0	442649	0	0	0	0	1548962	0	0	0	8145413	0	0	0	0	0
LFQ	32	0	0	243	0	0	0	0	0	0	0	0	0	0	0	1693075	0	0	0	0	0	0	323569	0	0	0	0	0	466854	0	0	0	0	1595102	0	0	0	8032869	0	0	0	0	0
LFQ	33	0	0	455	0	0	0	0	0	0	0	0	0	0	0	1696737	0	0	0	0	0	0	320893	0	0	0	0	0	485160	0	0	0	0	1661900	0	0	0	7944857	0	0	0	0	0
LFQ	34	0	0	1051	0	0	0	0	0	0	0	0	0	0	0	1738778	0	0	0	0	0	0	321551	0	0	0	0	0	484597	0	0	0	0	1682776	0	0	0	7879015	0	0	0	0	0
LFQ	35	0	0	2861	0	0	0	0	0	0	0	0	0	0	0	1766388	0	0	0	0	0	0	321571	0	0	0	0	0	483600	0	0	0	0	1690370	0	0	0	7840367	0	0	0	0	0
LFQ	36	0	0	3	0	0	0	0	0	0	0	0	0	0	0	1749186	0	0	0	0	0	0	324191	0	0	0	0	0	506959	0	0	0	0	1708611	0	0	0	7745626	0	0	0	0	0
LFQ	37	0	0	74	0	0	0	0	0	0	0	0	0	0	0	1748140	0	0	0	0	0	0	325499	0	0	0	0	0	529905	0	0	0	0	1769508	0	0	0	7559891	0	0	0	0	0
LFQ	38	0	0	47	0	0	0	0	0	0	0	0	0	0	0	1759701	0	0	0	0	0	0	325810	0	0	0	0	0	544520	0	0	0	0	1831238	0	0	0	7351404	0	0	0	0	0
LFQ	39	0	0	8	0	0	0	0	0	0	0	0	0	0	0	1749710	0	0	0	0	0	0	322686	0	0	0	0	0	554982	0	0	0	0	1823059	0	0	0	7230895	0	0	0	0	0
LFQ	40	0	0	34	0	0	0	0	0	0	0	0	0	0	0	1755002	0	0	0	0	0	0	321405	0	0	0	0	0	576227	0	0	0	0	1884915	0	0	0	6988187	0	0	0	0	0
LFQ	41	0	0	34	0	0	0	0	0	0	0	0	0	0	0	1749915	0	0	0	0	0	0	320007	0	0	0	0	0	589039	0	0	0	0	1890206	0	0	0	6806268	0	0	0	0	0
LFQ	42	0	0	124	0	0	0	0	0	0	0	0	0	0	0	1721132	0	0	0	0	0	0	310823	0	0	0	0	0	619622	0	0	0	0	1924632	0	0	0	6601569	0	0	0	0	0
LFQ	43	0	0	28	0	0	0	0	0	0	0	0	0	0	0	1717295	0	0	0	0	0	0	309026	0	0	0	0	0	648476	0	0	0	0	1950400	0	0	0	6362710	0	0	0	0	0
LFQ	44	0	0	17	0	0	0	0	0	0	0	0	0	0	0	1693363	0	0	0	0	0	0	302751	0	0	0	0	0	677682	0	0	0	0	1964190	0	0	0	6139155	0	0	0	0	0
LFQ	45	0	0	233	0	0	0	0	0	0	0	0	0	0	0	1699379	0	0	0	0	0	0	299648	0	0	0	0	0	690847	0	0	0	0	1951908	0	0	0	5920178	0	0	0	0	0
LFQ	46	0	0	147	0	0	0	0	0	0	0	0	0	0	0	1669558	0	0	0	0	0	0	293633	0	0	0	0	0	679399	0	0	0	0	1901204	0	0	0	5813057	0	0	0	0	0
LFQ	47	0	0	134	0	0	0	0	0	0	0	0	0	0	0	1652337	0	0	0	0	0	0	288074	0	0	0	0	0	684350	0	0	0	0	1857509	0	0	0	5687901	0	0	0	0	0
LFQ	48	0	0	55	0	0	0	0	0	0	0	0	0	0	0	1645848	0	0	0	0	0	0	282800	0	0	0	0	0	691744	0	0	0	0	1833913	0	0	0	5546749	0	0	0	0	0
LFQ	49	0	0	17	0	0	0	0	0	0	0	0	0	0	0	1642155	0	0	0	0	0	0	280946	0	0	0	0	0	684582	0	0	0	0	1811350	0	0	0	5423116	0	0	0	0	0
LFQ	50	0	0	4	0	0	0	0	0	0	0	0	0	0	0	1644344	0	0	0	0	0	0	281253	0	0	0	0	0	694347	0	0	0	0	1808362	0	0	0	5248363	0	0	0	0	0
LFQ	51	0	0	15	0	0	0	0	0	0	0	0	0	0	0	1639856	0	0	0	0	0	0	275148	0	0	0	0	0	699612	0	0	0	0	1791478	0	0	0	5095981	0	0	0	0	0
LFQ	52	0	0	0	0	0	0	0	0	0	0	0	0	0	0	1620839	0	0	0	0	0	0	270027	0	0	0	0	0	693349	0	0	0	0	1757450	0	0	0	4979231	0	0	0	0	0
LFQ	53	0	0	5	0	0	0	0	0	0	0	0	0	0	0	1616890	0	0	0	0	0	0	269186	0	0	0	0	0	685830	0	0	0	0	1725473	0	0	0	4841732	0	0	0	0	0
LFQ	54	0	0	5	0	0	0	0	0	0	0	0	0	0	0	1599343	0	0	0	0	0	0	263798	0	0	0	0	0	669458	0	0	0	0	1692297	0	0	0	4728193	0	0	0	0	0
LFQ	55	0	0	18	0	0	0	0	0	0	0	0	0	0	0	1593468	0	0	0	0	0	0	264739	0	0	0	0	0	665568	0	0	0	0	1673948	0	0	0	4571006	0	0	0	0	0
LFQ	56	0	0	10	0	0	0	0	0	0	0	0	0	0	0	1591334	0	0	0	0	0	0	264136	0	0	0	0	0	667093	0	0	0	0	1657900	0	0	0	4415822	0	0	0	0	0
LFQ	57	0	0	83	0	0	0	0	0	0	0	0	0	0	0	1579318	0	0	0	0	0	0	266876	0	0	0	0	0	666791	0	0	0	0	1639551	0	0	0	4287108	0	0	0	0	0
LFQ	58	0	0	7	0	0	0	0	0	0	0	0	0	0	0	1577384	0	0	0	0	0	0	265869	0	0	0	0	0	670367	0	0	0	0	1631660	0	0	0	4156207	0	0	0	0	0
LFQ	59	0	0	54	0	0	0	0	0	0	0	0	0	0	0	1564005	0	0	0	0	0	0	265141	0	0	0	0	0	672985	0	0	0	0	1623839	0	0	0	4047215	0	0	0	0	0
LFQ	60	0	0	21	0	0	0	0	0	0	0	0	0	0	0	1561011	0	0	0	0	0	0	266289	0	0	0	0	0	679100	0	0	0	0	1611709	0	0	0	3923910	0	0	0	0	0
LFQ	61	0	0	197	0	0	0	0	0	0	0	0	0	0	0	1556839	0	0	0	0	0	0	266165	0	0	0	0	0	674882	0	0	0	0	1595696	0	0	0	3811104	0	0	0	0	0
LFQ	62	0	0	88	0	0	0	0	0	0	0	0	0	0	0	1559796	0	0	0	0	0	0	266211	0	0	0	0	0	658650	0	0	0	0	1570401	0	0	0	3708677	0	0	0	0	0
LFQ	63	0	0	620	0	0	0	0	0	0	0	0	0	0	0	1534767	0	0	0	0	0	0	266725	0	0	0	0	0	649221	0	0	0	0	1548452	0	0	0	3614687	0	0	0	0	0
LFQ	64	0	0	254	0	0	0	0	0	0	0	0	0	0	0	1512722	0	0	0	0	0	0	257159	0	0	0	0	0	650417	0	0	0	0	1530209	0	0	0	3510938	0	0	0	0	0
LFQ	65	0	0	224	0	0	0	0	0	0	0	0	0	0	0	1511318	0	0	0	0	0	0	253566	0	0	0	0	0	636633	0	0	0	0	1504795	0	0	0	3400721	0	0	0	0	0
LFQ	66	0	0	169	0	0	0	0	0	0	0	0	0	0	0	1500491	0	0	0	0	0	0	250783	0	0	0	0	0	634159	0	0	0	0	1490807	0	0	0	3283214	0	0	0	0	0
LFQ	67	0	0	65	0	0	0	0	0	0	0	0	0	0	0	1448941	0	0	0	0	0	0	244318	0	0	0	0	0	623946	0	0	0	0	1442899	0	0	0	3263943	0	0	0	0	0
LFQ	68	0	0	18	0	0	0	0	0	0	0	0	0	0	0	1436672	0	0	0	0	0	0	238774	0	0	0	0	0	628268	0	0	0	0	1433030	0	0	0	3182889	0	0	0	0	0
LFQ	69	0	0	123	0	0	0	0	0	0	0	0	0	0	0	1449158	0	0	0	0	0	0	236627	0	0	0	0	0	628753	0	0	0	0	1420099	0	0	0	3088593	0	0	0	0	0
LFQ	70	0	0	23	0	0	0	0	0	0	0	0	0	0	0	1439428	0	0	0	0	0	0	240015	0	0	0	0	0	628378	0	0	0	0	1413057	0	0	0	3014108	0	0	0	0	0
LFQ	71	0	0	15	0	0	0	0	0	0	0	0	0	0	0	1424161	0	0	0	0	0	0	238711	0	0	0	0	0	632990	0	0	0	0	1396000	0	0	0	2944293	0	0	0	0	0
LFQ	72	0	0	56	0	0	0	0	0	0	0	0	0	0	0	1431725	0	0	0	0	0	0	236170	0	0	0	0	0	630235	0	0	0	0	1377178	0	0	0	2858173	0	0	0	0	0
LFQ	73	0	0	18	0	0	0	0	0	0	0	0	0	0	0	1379260	0	0	0	0	0	0	229932	0	0	0	0	0	625246	0	0	0	0	1345460	0	0	0	2790743	0	0	0	0	0
LFQ	74	0	0	110	0	0	0	0	0	0	0	0	0	0	0	1361818	0	0	0	0	0	0	222180	0	0	0	0	0	623498	0	0	0	0	1304000	0	0	0	2650614	0	0	0	0	0
LFQ	75	0	0	80	0	0	0	0	0	0	0	0	0	0	0	1287814	0	0	0	0	0	0	194706	0	0	0	0	0	596158	0	0	0	0	1194479	0	0	0	2442158	0	0	0	0	0
LFQ	76	0	0	110	0	0	0	0	0	0	0	0	0	0	0	1387644	0	0	0	0	0	0	158213	0	0	0	0	0	504154	0	0	0	0	933269	0	0	0	1478732	0	0	0	0	0
LFQ	77	0	0	0	0	0	0	0	0	0	0	0	0	0	0	0	0	0	0	0	0	0	0	0	0	0	0	0	0	0	0	0	0	0	0	0	0	0	0	0	0	0	0
# GC Content of first fragments. Use `grep ^GCF | cut -f 2-` to extract this part.
GCF	0.50	19
GCF	1.26	66
GCF	1.76	75
GCF	2.26	77
GCF	2.76	222
GCF	3.27	239
GCF	3.77	446
GCF	4.27	465
GCF	4.77	480
GCF	5.28	844
GCF	5.78	891
GCF	6.28	944
GCF	6.78	1494
GCF	7.29	1561
GCF	7.79	2361
GCF	8.29	2522
GCF	8.79	2617
GCF	9.30	3923
GCF	9.80	4253
GCF	10.30	5591
GCF	10.80	6062
GCF	11.31	6381
GCF	11.81	9109
GCF	12.31	9813
GCF	12.81	10388
GCF	13.32	14281
GCF	13.82	15319
GCF	14.32	20284
GCF	14.82	22394
GCF	15.33	23931
GCF	15.83	32597
GCF	16.33	34650
GCF	16.83	36964
GCF	17.34	49143
GCF	17.84	51938
GCF	18.34	65354
GCF	18.84	71136
GCF	19.35	74919
GCF	19.85	95841
GCF	20.35	100923
GCF	20.85	122010
GCF	21.36	130897
GCF	21.86	139256
GCF	22.36	162701
GCF	22.86	175301
GCF	23.37	182626
GCF	23.87	215321
GCF	24.37	227474
GCF	24.87	257436
GCF	25.38	269683
GCF	25.88	281436
GCF	26.38	311688
GCF	26.88	330389
GCF	27.39	359168
GCF	27.89	375924
GCF	28.39	391361
GCF	28.89	416825
GCF	29.40	436007
GCF	29.90	449709
GCF	30.40	477481
GCF	30.90	496384
GCF	31.41	517143
GCF	31.91	534773
GCF	32.41	549614
GCF	32.91	563348
GCF	33.42	584022
GCF	33.92	598603
GCF	34.42	615452
GCF	34.92	630449
GCF	35.43	641632
GCF	35.93	656963
GCF	36.43	666352
GCF	36.93	673364
GCF	37.44	684069
GCF	37.94	690260
GCF	38.44	698113
GCF	38.94	705758
GCF	39.45	707833
GCF	39.95	714630
GCF	40.45	719190
GCF	40.95	716028
GCF	41.46	719125
GCF	41.96	710031
GCF	42.46	710912
GCF	42.96	710873
GCF	43.47	699612
GCF	43.97	696883
GCF	44.47	694076
GCF	44.97	677393
GCF	45.48	670964
GCF	45.98	652314
GCF	46.48	642474
GCF	46.98	635698
GCF	47.49	610280
GCF	47.99	597465
GCF	48.49	576281
GCF	48.99	559734
GCF	49.50	554129
GCF	50.00	516384
GCF	50.50	510273
GCF	51.01	491089
GCF	51.51	464818
GCF	52.01	447879
GCF	52.51	417337
GCF	53.02	405984
GCF	53.52	387451
GCF	54.02	360445
GCF	54.52	342068
GCF	55.03	317564
GCF	55.53	303079
GCF	56.03	286511
GCF	56.53	263041
GCF	57.04	250316
GCF	57.54	234997
GCF	58.04	215185
GCF	58.54	200544
GCF	59.05	181646
GCF	59.55	170690
GCF	60.05	158547
GCF	60.55	143506
GCF	61.06	133590
GCF	61.56	123385
GCF	62.06	109003
GCF	62.56	100314
GCF	63.07	89337
GCF	63.57	83428
GCF	64.07	74422
GCF	64.57	67003
GCF	65.08	60723
GCF	65.58	53374
GCF	66.08	48997
GCF	66.58	42449
GCF	67.09	38887
GCF	67.59	35049
GCF	68.09	31907
GCF	68.59	27883
GCF	69.10	24746
GCF	69.60	21299
GCF	70.10	19064
GCF	70.60	16822
GCF	71.11	14881
GCF	71.61	12928
GCF	72.11	11307
GCF	72.61	9787
GCF	73.12	8280
GCF	73.62	7074
GCF	74.12	6220
GCF	74.62	5553
GCF	75.13	4483
GCF	75.63	3855
GCF	76.13	3090
GCF	76.63	2878
GCF	77.14	2334
GCF	77.64	1902
GCF	78.14	1632
GCF	78.64	1489
GCF	79.15	1240
GCF	79.65	1127
GCF	80.15	780
GCF	80.65	639
GCF	81.16	504
GCF	81.66	456
GCF	82.16	393
GCF	82.66	290
GCF	83.17	219
GCF	83.67	189
GCF	84.17	140
GCF	84.67	119
GCF	85.18	98
GCF	85.68	75
GCF	86.18	55
GCF	86.68	43
GCF	87.19	37
GCF	87.69	29
GCF	88.19	23
GCF	88.69	17
GCF	89.20	11
GCF	89.70	9
GCF	90.20	10
GCF	90.70	6
GCF	91.21	4
GCF	91.71	2
GCF	92.21	4
GCF	92.71	2
# GC Content of last fragments. Use `grep ^GCL | cut -f 2-` to extract this part.
GCL	0.50	36
GCL	1.26	86
GCL	1.76	92
GCL	2.26	93
GCL	2.76	218
GCL	3.27	239
GCL	3.77	501
GCL	4.27	539
GCL	4.77	558
GCL	5.28	922
GCL	5.78	963
GCL	6.28	1032
GCL	6.78	1715
GCL	7.29	1785
GCL	7.79	2588
GCL	8.29	2723
GCL	8.79	2830
GCL	9.30	4245
GCL	9.80	4601
GCL	10.30	6296
GCL	10.80	6748
GCL	11.31	7121
GCL	11.81	9709
GCL	12.31	10494
GCL	12.81	11025
GCL	13.32	15482
GCL	13.82	16505
GCL	14.32	21566
GCL	14.82	23642
GCL	15.33	25308
GCL	15.83	34447
GCL	16.33	36567
GCL	16.83	38912
GCL	17.34	51269
GCL	17.84	54030
GCL	18.34	67536
GCL	18.84	73763
GCL	19.35	77668
GCL	19.85	99189
GCL	20.35	104331
GCL	20.85	125689
GCL	21.36	134530
GCL	21.86	142755
GCL	22.36	166809
GCL	22.86	179989
GCL	23.37	187425
GCL	23.87	221274
GCL	24.37	233445
GCL	24.87	263116
GCL	25.38	275753
GCL	25.88	286909
GCL	26.38	317025
GCL	26.88	335773
GCL	27.39	364945
GCL	27.89	382837
GCL	28.39	398402
GCL	28.89	425237
GCL	29.40	443284
GCL	29.90	456721
GCL	30.40	483025
GCL	30.90	502848
GCL	31.41	525500
GCL	31.91	543739
GCL	32.41	558552
GCL	32.91	571538
GCL	33.42	591663
GCL	33.92	606428
GCL	34.42	623375
GCL	34.92	637728
GCL	35.43	645578
GCL	35.93	661484
GCL	36.43	671710
GCL	36.93	680387
GCL	37.44	691841
GCL	37.94	696053
GCL	38.44	703859
GCL	38.94	710987
GCL	39.45	710778
GCL	39.95	717657
GCL	40.45	722068
GCL	40.95	717526
GCL	41.46	721544
GCL	41.96	711690
GCL	42.46	711626
GCL	42.96	711544
GCL	43.47	699900
GCL	43.97	696059
GCL	44.47	692171
GCL	44.97	675112
GCL	45.48	667684
GCL	45.98	647087
GCL	46.48	636830
GCL	46.98	629681
GCL	47.49	605134
GCL	47.99	592176
GCL	48.49	569427
GCL	48.99	552627
GCL	49.50	546308
GCL	50.00	507022
GCL	50.50	500386
GCL	51.01	481281
GCL	51.51	455820
GCL	52.01	439178
GCL	52.51	408594
GCL	53.02	397365
GCL	53.52	377911
GCL	54.02	350869
GCL	54.52	332461
GCL	55.03	309047
GCL	55.53	294710
GCL	56.03	278053
GCL	56.53	255332
GCL	57.04	242821
GCL	57.54	227761
GCL	58.04	208255
GCL	58.54	193382
GCL	59.05	175353
GCL	59.55	164836
GCL	60.05	153021
GCL	60.55	138641
GCL	61.06	129208
GCL	61.56	119265
GCL	62.06	105610
GCL	62.56	96865
GCL	63.07	86049
GCL	63.57	80459
GCL	64.07	71581
GCL	64.57	65029
GCL	65.08	58437
GCL	65.58	51426
GCL	66.08	47002
GCL	66.58	40455
GCL	67.09	37379
GCL	67.59	33653
GCL	68.09	30439
GCL	68.59	26761
GCL	69.10	23820
GCL	69.60	20497
GCL	70.10	18324
GCL	70.60	16197
GCL	71.11	14384
GCL	71.61	12541
GCL	72.11	10893
GCL	72.61	9494
GCL	73.12	8063
GCL	73.62	6855
GCL	74.12	5928
GCL	74.62	5324
GCL	75.13	4282
GCL	75.63	3661
GCL	76.13	2916
GCL	76.63	2698
GCL	77.14	2290
GCL	77.64	1876
GCL	78.14	1593
GCL	78.64	1419
GCL	79.15	1190
GCL	79.65	1048
GCL	80.15	754
GCL	80.65	622
GCL	81.16	503
GCL	81.66	406
GCL	82.16	360
GCL	82.66	295
GCL	83.17	239
GCL	83.67	193
GCL	84.17	149
GCL	84.67	131
GCL	85.18	96
GCL	85.68	71
GCL	86.18	55
GCL	86.68	43
GCL	87.19	33
GCL	87.69	30
GCL	88.19	15
GCL	88.69	6
GCL	89.20	8
GCL	89.70	4
GCL	90.20	5
GCL	90.70	3
GCL	91.46	1
GCL	92.21	2
GCL	93.47	1
# ACGT content per cycle. Use `grep ^GCC | cut -f 2-` to extract this part. The columns are: cycle; A,C,G,T base counts as a percentage of all A/C/G/T bases [%]; and N and O counts as a percentage of all A/C/G/T bases [%]
GCC	1	19.08	30.96	30.92	19.04	0.01	0.00
GCC	2	32.17	17.90	17.85	32.08	0.00	0.00
GCC	3	29.52	20.55	20.51	29.42	0.00	0.00
GCC	4	29.44	20.59	20.56	29.41	0.00	0.00
GCC	5	37.56	12.49	12.46	37.49	0.00	0.00
GCC	6	29.54	20.49	20.44	29.53	0.00	0.00
GCC	7	29.47	20.58	20.55	29.39	0.00	0.00
GCC	8	31.52	18.53	18.52	31.44	0.00	0.00
GCC	9	21.61	28.42	28.40	21.57	0.00	0.00
GCC	10	33.50	16.56	16.55	33.40	0.00	0.00
GCC	11	24.60	25.43	25.41	24.56	0.00	0.00
GCC	12	31.04	19.01	19.00	30.95	0.00	0.00
GCC	13	26.21	23.82	23.79	26.18	0.00	0.00
GCC	14	26.97	23.06	23.02	26.95	0.00	0.00
GCC	15	29.21	20.85	20.83	29.12	0.00	0.00
GCC	16	30.45	19.59	19.57	30.39	0.00	0.00
GCC	17	31.06	19.00	18.98	30.96	0.00	0.00
GCC	18	31.28	18.78	18.77	31.16	0.00	0.00
GCC	19	30.84	19.24	19.18	30.73	0.00	0.00
GCC	20	30.85	19.22	19.16	30.76	0.00	0.00
GCC	21	30.42	19.65	19.61	30.32	0.00	0.00
GCC	22	30.43	19.64	19.62	30.31	0.00	0.00
GCC	23	30.24	19.79	19.81	30.16	0.00	0.00
GCC	24	30.44	19.61	19.61	30.34	0.00	0.00
GCC	25	30.38	19.68	19.65	30.29	0.00	0.00
GCC	26	30.53	19.53	19.50	30.44	0.00	0.00
GCC	27	30.51	19.53	19.52	30.44	0.00	0.00
GCC	28	30.64	19.43	19.42	30.51	0.00	0.00
GCC	29	30.47	19.61	19.58	30.34	0.00	0.00
GCC	30	30.47	19.60	19.57	30.36	0.00	0.00
GCC	31	30.35	19.70	19.68	30.27	0.00	0.00
GCC	32	30.44	19.63	19.58	30.36	0.00	0.00
GCC	33	30.38	19.68	19.63	30.31	0.00	0.00
GCC	34	30.48	19.55	19.56	30.41	0.01	0.00
GCC	35	30.46	19.58	19.58	30.38	0.02	0.00
GCC	36	30.53	19.54	19.49	30.45	0.00	0.00
GCC	37	30.61	19.46	19.45	30.48	0.00	0.00
GCC	38	30.68	19.38	19.36	30.58	0.00	0.00
GCC	39	30.63	19.44	19.40	30.53	0.00	0.00
GCC	40	30.62	19.45	19.42	30.52	0.00	0.00
GCC	41	30.52	19.52	19.52	30.44	0.00	0.00
GCC	42	30.52	19.56	19.50	30.43	0.00	0.00
GCC	43	30.41	19.63	19.61	30.35	0.00	0.00
GCC	44	30.49	19.57	19.52	30.42	0.00	0.00
GCC	45	30.59	19.46	19.44	30.50	0.00	0.00
GCC	46	30.64	19.42	19.38	30.56	0.00	0.00
GCC	47	30.80	19.26	19.23	30.71	0.00	0.00
GCC	48	30.83	19.20	19.21	30.76	0.00	0.00
GCC	49	30.77	19.28	19.27	30.68	0.00	0.00
GCC	50	30.76	19.29	19.25	30.71	0.00	0.00
GCC	51	30.64	19.41	19.39	30.56	0.00	0.00
GCC	52	30.66	19.41	19.36	30.58	0.00	0.00
GCC	53	30.61	19.45	19.43	30.51	0.00	0.00
GCC	54	30.70	19.36	19.35	30.59	0.00	0.00
GCC	55	30.71	19.33	19.32	30.64	0.00	0.00
GCC	56	30.78	19.28	19.24	30.70	0.00	0.00
GCC	57	30.90	19.15	19.12	30.83	0.00	0.00
GCC	58	30.90	19.16	19.15	30.79	0.00	0.00
GCC	59	30.96	19.11	19.06	30.87	0.00	0.00
GCC	60	30.93	19.13	19.14	30.80	0.00	0.00
GCC	61	30.85	19.21	19.18	30.76	0.00	0.00
GCC	62	30.81	19.24	19.24	30.70	0.00	0.00
GCC	63	30.74	19.29	19.29	30.68	0.00	0.00
GCC	64	30.74	19.31	19.31	30.64	0.00	0.00
GCC	65	30.72	19.31	19.27	30.70	0.00	0.00
GCC	66	30.84	19.23	19.21	30.72	0.00	0.00
GCC	67	30.91	19.12	19.11	30.86	0.00	0.00
GCC	68	30.94	19.15	19.13	30.78	0.00	0.00
GCC	69	30.94	19.12	19.13	30.81	0.00	0.00
GCC	70	30.82	19.22	19.20	30.77	0.00	0.00
GCC	71	30.91	19.18	19.11	30.80	0.00	0.00
GCC	72	30.86	19.18	19.15	30.81	0.00	0.00
GCC	73	31.10	18.96	18.95	30.99	0.00	0.00
GCC	74	31.21	18.82	18.83	31.13	0.00	0.00
GCC	75	32.71	17.39	17.34	32.56	0.00	0.00
GCC	76	38.38	11.70	11.66	38.26	0.00	0.00
# Insert sizes. Use `grep ^IS | cut -f 2-` to extract this part. The columns are: insert size, pairs total, inward oriented pairs, outward oriented pairs, other pairs
IS	0	0	0	0	0
IS	1	0	0	0	0
IS	2	0	0	0	0
IS	3	0	0	0	0
IS	4	0	0	0	0
IS	5	0	0	0	0
IS	6	0	0	0	0
IS	7	0	0	0	0
IS	8	0	0	0	0
IS	9	0	0	0	0
IS	10	0	0	0	0
IS	11	0	0	0	0
IS	12	0	0	0	0
IS	13	0	0	0	0
IS	14	0	0	0	0
IS	15	0	0	0	0
IS	16	0	0	0	0
IS	17	0	0	0	0
IS	18	0	0	0	0
IS	19	0	0	0	0
IS	20	0	0	0	0
IS	21	0	0	0	0
IS	22	0	0	0	0
IS	23	0	0	0	0
IS	24	0	0	0	0
IS	25	0	0	0	0
IS	26	0	0	0	0
IS	27	0	0	0	0
IS	28	0	0	0	0
IS	29	0	0	0	0
IS	30	0	0	0	0
IS	31	0	0	0	0
IS	32	0	0	0	0
IS	33	0	0	0	0
IS	34	2	2	0	0
IS	35	14	14	0	0
IS	36	26	26	0	0
IS	37	28	28	0	0
IS	38	32	32	0	0
IS	39	39	39	0	0
IS	40	40	40	0	0
IS	41	43	43	0	0
IS	42	47	47	0	0
IS	43	51	51	0	0
IS	44	53	53	0	0
IS	45	51	51	0	0
IS	46	44	44	0	0
IS	47	41	41	0	0
IS	48	38	38	0	0
IS	49	40	40	0	0
IS	50	42	42	0	0
IS	51	45	45	0	0
IS	52	44	44	0	0
IS	53	44	44	0	0
IS	54	47	47	0	0
IS	55	42	42	0	0
IS	56	40	40	0	0
IS	57	34	34	0	0
IS	58	25	25	0	0
IS	59	24	24	0	0
IS	60	26	26	0	0
IS	61	27	27	0	0
IS	62	28	28	0	0
IS	63	30	30	0	0
IS	64	31	31	0	0
IS	65	28	28	0	0
IS	66	25	25	0	0
IS	67	21	21	0	0
IS	68	18	18	0	0
IS	69	17	17	0	0
IS	70	18	18	0	0
IS	71	16	16	0	0
IS	72	20	20	0	0
IS	73	22	22	0	0
IS	74	27	27	0	0
IS	75	3545	3545	0	0
IS	76	50095	50095	0	0
IS	77	102879	102879	0	0
IS	78	96691	96691	0	0
IS	79	92385	92385	0	0
IS	80	92229	92229	0	0
IS	81	94324	94324	0	0
IS	82	97104	97104	0	0
IS	83	98639	98639	0	0
IS	84	97671	97671	0	0
IS	85	96842	96842	0	0
IS	86	90853	90853	0	0
IS	87	82452	82452	0	0
IS	88	77433	77433	0	0
IS	89	73380	73380	0	0
IS	90	72481	72481	0	0
IS	91	72844	72844	0	0
IS	92	74194	74194	0	0
IS	93	75806	75806	0	0
IS	94	76862	76862	0	0
IS	95	75018	75018	0	0
IS	96	71013	71013	0	0
IS	97	66259	66259	0	0
IS	98	62468	62468	0	0
IS	99	59407	59407	0	0
IS	100	57267	57267	0	0
IS	101	58060	58060	0	0
IS	102	58421	58421	0	0
IS	103	59164	59164	0	0
IS	104	60560	60560	0	0
IS	105	59833	59833	0	0
IS	106	57729	57729	0	0
IS	107	54940	54940	0	0
IS	108	51822	51822	0	0
IS	109	49138	49138	0	0
IS	110	47091	47091	0	0
IS	111	46850	46850	0	0
IS	112	47309	47309	0	0
IS	113	47902	47902	0	0
IS	114	48246	48246	0	0
IS	115	48007	48007	0	0
IS	116	46851	46851	0	0
IS	117	44451	44451	0	0
IS	118	43075	43075	0	0
IS	119	40581	40581	0	0
IS	120	39082	39082	0	0
IS	121	38308	38308	0	0
IS	122	38085	38085	0	0
IS	123	39094	39094	0	0
IS	124	39830	39830	0	0
IS	125	39494	39494	0	0
IS	126	38583	38583	0	0
IS	127	37030	37030	0	0
IS	128	36088	36088	0	0
IS	129	34399	34399	0	0
IS	130	32812	32812	0	0
IS	131	32605	32605	0	0
IS	132	32107	32107	0	0
IS	133	31929	31929	0	0
IS	134	32055	32055	0	0
IS	135	32822	32822	0	0
IS	136	32569	32569	0	0
IS	137	34028	34028	0	0
IS	138	34308	34308	0	0
IS	139	32155	32155	0	0
IS	140	29341	29341	0	0
IS	141	28185	28185	0	0
IS	142	27948	27948	0	0
IS	143	27486	27486	0	0
IS	144	26913	26913	0	0
IS	145	27463	27463	0	0
IS	146	27822	27822	0	0
IS	147	28335	28335	0	0
IS	148	29021	29021	0	0
IS	149	28732	28732	0	0
IS	150	27939	27939	0	0
IS	151	28939	28939	0	0
IS	152	29184	29184	0	0
IS	153	26188	26188	0	0
IS	154	25083	25083	0	0
IS	155	24865	24865	0	0
IS	156	24558	24558	0	0
IS	157	25764	25764	0	0
IS	158	26056	26056	0	0
IS	159	26196	26196	0	0
IS	160	24918	24918	0	0
IS	161	23414	23414	0	0
IS	162	23134	23134	0	0
IS	163	22449	22449	0	0
IS	164	23126	23126	0	0
IS	165	24190	24190	0	0
IS	166	26377	26377	0	0
IS	167	28666	28666	0	0
IS	168	29458	29458	0	0
IS	169	27539	27539	0	0
IS	170	24998	24998	0	0
IS	171	23220	23220	0	0
IS	172	22064	22064	0	0
IS	173	21746	21746	0	0
IS	174	22011	22011	0	0
IS	175	23783	23783	0	0
IS	176	24973	24973	0	0
IS	177	26112	26112	0	0
IS	178	25686	25686	0	0
IS	179	24168	24168	0	0
IS	180	22440	22440	0	0
IS	181	20949	20949	0	0
IS	182	19933	19933	0	0
IS	183	19246	19246	0	0
IS	184	19603	19603	0	0
IS	185	20799	20799	0	0
IS	186	21518	21518	0	0
IS	187	21829	21829	0	0
IS	188	21789	21789	0	0
IS	189	21181	21181	0	0
IS	190	20425	20425	0	0
IS	191	19477	19477	0	0
IS	192	19388	19388	0	0
IS	193	19214	19214	0	0
IS	194	19255	19255	0	0
IS	195	19335	19335	0	0
IS	196	19379	19379	0	0
IS	197	19796	19796	0	0
IS	198	19408	19408	0	0
IS	199	19298	19298	0	0
IS	200	19156	19156	0	0
IS	201	18551	18551	0	0
IS	202	17971	17971	0	0
IS	203	18293	18293	0	0
IS	204	18218	18218	0	0
IS	205	18186	18186	0	0
IS	206	18087	18087	0	0
IS	207	17974	17974	0	0
IS	208	17585	17585	0	0
IS	209	16896	16896	0	0
IS	210	16785	16785	0	0
IS	211	16253	16253	0	0
IS	212	16351	16351	0	0
IS	213	15970	15970	0	0
IS	214	16240	16240	0	0
IS	215	15757	15757	0	0
IS	216	15910	15910	0	0
IS	217	15370	15370	0	0
IS	218	14772	14772	0	0
IS	219	14275	14275	0	0
IS	220	13908	13908	0	0
IS	221	13558	13558	0	0
IS	222	13553	13553	0	0
IS	223	13334	13334	0	0
IS	224	13417	13417	0	0
IS	225	12747	12747	0	0
IS	226	12722	12722	0	0
IS	227	12326	12326	0	0
IS	228	11928	11928	0	0
IS	229	11597	11597	0	0
IS	230	11147	11147	0	0
IS	231	11110	11110	0	0
IS	232	10939	10939	0	0
IS	233	10322	10322	0	0
IS	234	10301	10301	0	0
IS	235	10135	10135	0	0
IS	236	9754	9754	0	0
IS	237	9553	9553	0	0
IS	238	9559	9559	0	0
IS	239	9197	9197	0	0
IS	240	8746	8746	0	0
IS	241	8633	8633	0	0
IS	242	8144	8144	0	0
IS	243	8109	8109	0	0
IS	244	8086	8086	0	0
IS	245	7717	7717	0	0
IS	246	7498	7498	0	0
IS	247	7379	7379	0	0
IS	248	7279	7279	0	0
IS	249	6854	6854	0	0
IS	250	6839	6839	0	0
IS	251	6664	6664	0	0
IS	252	6619	6619	0	0
IS	253	6249	6249	0	0
IS	254	6044	6044	0	0
IS	255	5913	5913	0	0
IS	256	5688	5688	0	0
IS	257	5608	5608	0	0
IS	258	5498	5498	0	0
IS	259	5290	5290	0	0
IS	260	5235	5235	0	0
IS	261	4935	4935	0	0
IS	262	4960	4960	0	0
IS	263	4832	4832	0	0
IS	264	4589	4589	0	0
IS	265	4667	4667	0	0
IS	266	4513	4513	0	0
IS	267	4305	4305	0	0
IS	268	4181	4181	0	0
IS	269	4252	4252	0	0
IS	270	4106	4106	0	0
IS	271	3926	3926	0	0
IS	272	3938	3938	0	0
IS	273	3765	3765	0	0
IS	274	3569	3569	0	0
IS	275	3646	3646	0	0
IS	276	3479	3479	0	0
IS	277	3388	3388	0	0
IS	278	3397	3397	0	0
IS	279	3240	3240	0	0
IS	280	3295	3295	0	0
IS	281	3140	3140	0	0
IS	282	2969	2969	0	0
IS	283	2919	2919	0	0
IS	284	2945	2945	0	0
IS	285	2674	2674	0	0
IS	286	2740	2740	0	0
IS	287	2616	2616	0	0
IS	288	2580	2580	0	0
IS	289	2571	2571	0	0
IS	290	2517	2517	0	0
IS	291	2481	2481	0	0
IS	292	2417	2417	0	0
IS	293	2352	2352	0	0
IS	294	2177	2177	0	0
IS	295	2287	2287	0	0
IS	296	2227	2227	0	0
IS	297	2238	2238	0	0
IS	298	2092	2092	0	0
IS	299	2061	2061	0	0
IS	300	2008	2008	0	0
IS	301	2022	2022	0	0
IS	302	2039	2039	0	0
IS	303	1902	1902	0	0
IS	304	1792	1792	0	0
IS	305	1797	1797	0	0
IS	306	1701	1701	0	0
IS	307	1762	1762	0	0
IS	308	1631	1631	0	0
IS	309	1694	1694	0	0
IS	310	1709	1709	0	0
IS	311	1677	1677	0	0
IS	312	1599	1599	0	0
IS	313	1522	1522	0	0
IS	314	1507	1507	0	0
IS	315	1499	1499	0	0
IS	316	1465	1465	0	0
IS	317	1404	1404	0	0
IS	318	1391	1391	0	0
IS	319	1356	1356	0	0
IS	320	1394	1394	0	0
IS	321	1327	1327	0	0
IS	322	1362	1362	0	0
IS	323	1258	1258	0	0
IS	324	1233	1233	0	0
# Read lengths. Use `grep ^RL | cut -f 2-` to extract this part. The columns are: read length, count
RL	21	1
RL	22	2
RL	23	2
RL	24	9
RL	25	22
RL	26	33
RL	27	32
RL	28	36
RL	29	111
RL	30	324
RL	31	751
RL	32	3228
RL	33	4419
RL	34	5211
RL	35	140913
RL	36	203012
RL	37	240312
RL	38	262300
RL	39	311383
RL	40	340422
RL	41	355100
RL	42	379950
RL	43	421822
RL	44	430260
RL	45	410114
RL	46	373369
RL	47	338393
RL	48	318167
RL	49	330968
RL	50	349195
RL	51	362079
RL	52	363730
RL	53	371997
RL	54	368621
RL	55	345276
RL	56	313373
RL	57	276793
RL	58	256243
RL	59	262353
RL	60	274284
RL	61	282112
RL	62	298651
RL	63	305653
RL	64	309137
RL	65	295509
RL	66	270850
RL	67	208848
RL	68	192326
RL	69	176748
RL	70	197570
RL	71	205800
RL	72	325448
RL	73	418292
RL	74	898019
RL	75	2494374
RL	76	8930797
# Indel distribution. Use `grep ^ID | cut -f 2-` to extract this part. The columns are: length, number of insertions, number of deletions
ID	1	278634	287609
ID	2	97850	98459
ID	3	32861	32086
ID	4	20871	19326
ID	5	10434	9173
ID	6	6045	5556
ID	7	2976	2460
ID	8	2591	2312
ID	9	1377	1142
ID	10	889	692
ID	11	362	316
ID	12	239	206
ID	13	68	43
# Indels per cycle. Use `grep ^IC | cut -f 2-` to extract this part. The columns are: cycle, number of insertions (fwd), .. (rev) , number of deletions (fwd), .. (rev)
IC	2	401	431	185	142
IC	3	537	609	503	545
IC	4	1279	1342	1919	1994
IC	5	5712	5526	2739	2596
IC	6	3598	3741	2256	2346
IC	7	3114	3103	2222	2196
IC	8	2932	2737	2423	2332
IC	9	2876	2817	2760	2589
IC	10	2900	2973	2755	2783
IC	11	2739	2773	2846	3011
IC	12	2873	2847	3106	3134
IC	13	3025	3026	3399	3364
IC	14	3296	3235	3671	3681
IC	15	3357	3432	3667	3691
IC	16	3290	3255	3455	3638
IC	17	3421	3417	3632	3743
IC	18	3222	3555	3708	3904
IC	19	3635	3736	4055	3974
IC	20	3807	3753	4326	4165
IC	21	3928	3949	4495	4265
IC	22	4020	3970	4449	4447
IC	23	4268	4030	4340	4376
IC	24	4041	4025	4457	4434
IC	25	3979	4071	4289	4435
IC	26	4063	3969	4354	4165
IC	27	3899	4078	4317	4248
IC	28	3942	3940	4275	4312
IC	29	4173	3928	4276	4319
IC	30	4021	3998	4385	4173
IC	31	4003	3920	4111	4281
IC	32	3970	3971	4271	4307
IC	33	4033	3913	4172	4090
IC	34	3854	3983	4159	4290
IC	35	3880	3855	4004	4103
IC	36	3919	3669	4022	4081
IC	37	3860	3701	4007	4181
IC	38	3668	3485	3993	3916
IC	39	3552	3581	4015	3913
IC	40	3773	3751	4002	3876
IC	41	3602	3661	4013	3742
IC	42	3600	3545	3819	3735
IC	43	3508	3567	3739	3761
IC	44	3604	3528	3595	3542
IC	45	3475	3293	3385	3709
IC	46	3356	3372	3658	3476
IC	47	3258	3197	3395	3526
IC	48	3399	3223	3409	3420
IC	49	3231	3364	3381	3400
IC	50	3151	3175	3378	3390
IC	51	3288	3145	3307	3244
IC	52	3241	3040	3365	3263
IC	53	3063	3114	3172	3150
IC	54	2987	3046	3239	3121
IC	55	2907	3014	3099	3247
IC	56	2917	2913	3065	3016
IC	57	2888	2898	3049	2884
IC	58	2953	2816	2843	2948
IC	59	2792	2772	2754	2850
IC	60	2804	2732	2742	2908
IC	61	2704	2688	2813	2900
IC	62	2694	2738	2707	2727
IC	63	2691	2734	2528	2543
IC	64	2572	2546	2404	2415
IC	65	2512	2594	2357	2221
IC	66	2458	2441	2328	2227
IC	67	2474	2321	2126	2090
IC	68	2313	2450	1857	1999
IC	69	2221	2168	1732	1748
IC	70	2139	2308	1663	1660
IC	71	1940	1915	1448	1409
IC	72	1581	1528	948	882
IC	73	620	642	300	324
IC	74	326	287	99	126
IC	75	95	103	0	0
# Coverage distribution. Use `grep ^COV | cut -f 2-` to extract this part.
COV	[1-1]	1	111568391
COV	[2-2]	2	126665554
COV	[3-3]	3	41991992
COV	[4-4]	4	60630015
COV	[5-5]	5	19974666
COV	[6-6]	6	28718894
COV	[7-7]	7	10036901
COV	[8-8]	8	13196564
COV	[9-9]	9	4936394
COV	[10-10]	10	5927583
COV	[11-11]	11	2397009
COV	[12-12]	12	2717381
COV	[13-13]	13	1201447
COV	[14-14]	14	1288310
COV	[15-15]	15	642205
COV	[16-16]	16	663279
COV	[17-17]	17	378706
COV	[18-18]	18	377516
COV	[19-19]	19	247024
COV	[20-20]	20	241064
COV	[21-21]	21	176367
COV	[22-22]	22	173255
COV	[23-23]	23	136331
COV	[24-24]	24	132232
COV	[25-25]	25	111315
COV	[26-26]	26	107249
COV	[27-27]	27	93446
COV	[28-28]	28	89251
COV	[29-29]	29	79285
COV	[30-30]	30	76829
COV	[31-31]	31	69368
COV	[32-32]	32	68041
COV	[33-33]	33	60185
COV	[34-34]	34	59784
COV	[35-35]	35	54849
COV	[36-36]	36	52871
COV	[37-37]	37	48693
COV	[38-38]	38	46721
COV	[39-39]	39	42758
COV	[40-40]	40	41676
COV	[41-41]	41	39564
COV	[42-42]	42	38334
COV	[43-43]	43	35976
COV	[44-44]	44	34355
COV	[45-45]	45	32734
COV	[46-46]	46	31059
COV	[47-47]	47	30133
COV	[48-48]	48	29201
COV	[49-49]	49	27170
COV	[50-50]	50	26342
COV	[51-51]	51	25927
COV	[52-52]	52	24484
COV	[53-53]	53	23177
COV	[54-54]	54	22090
COV	[55-55]	55	21689
COV	[56-56]	56	21011
COV	[57-57]	57	20490
COV	[58-58]	58	19410
COV	[59-59]	59	18716
COV	[60-60]	60	18374
COV	[61-61]	61	16919
COV	[62-62]	62	16656
COV	[63-63]	63	15663
COV	[64-64]	64	15608
COV	[65-65]	65	14497
COV	[66-66]	66	14160
COV	[67-67]	67	13929
COV	[68-68]	68	13138
COV	[69-69]	69	12973
COV	[70-70]	70	12444
COV	[71-71]	71	12125
COV	[72-72]	72	12088
COV	[73-73]	73	10873
COV	[74-74]	74	11267
COV	[75-75]	75	10754
COV	[76-76]	76	10370
COV	[77-77]	77	10057
COV	[78-78]	78	10160
COV	[79-79]	79	9315
COV	[80-80]	80	9392
COV	[81-81]	81	8796
COV	[82-82]	82	8761
COV	[83-83]	83	8589
COV	[84-84]	84	8032
COV	[85-85]	85	8017
COV	[86-86]	86	7550
COV	[87-87]	87	7564
COV	[88-88]	88	7529
COV	[89-89]	89	6825
COV	[90-90]	90	6862
COV	[91-91]	91	6612
COV	[92-92]	92	6321
COV	[93-93]	93	6387
COV	[94-94]	94	6186
COV	[95-95]	95	5969
COV	[96-96]	96	6186
COV	[97-97]	97	5764
COV	[98-98]	98	5626
COV	[99-99]	99	5380
COV	[100-100]	100	5309
COV	[101-101]	101	5363
COV	[102-102]	102	5255
COV	[103-103]	103	4850
COV	[104-104]	104	4789
COV	[105-105]	105	4682
COV	[106-106]	106	4828
COV	[107-107]	107	4476
COV	[108-108]	108	4624
COV	[109-109]	109	4292
COV	[110-110]	110	4212
COV	[111-111]	111	4238
COV	[112-112]	112	4058
COV	[113-113]	113	4032
COV	[114-114]	114	3975
COV	[115-115]	115	3963
COV	[116-116]	116	3899
COV	[117-117]	117	3623
COV	[118-118]	118	3501
COV	[119-119]	119	3512
COV	[120-120]	120	3371
COV	[121-121]	121	3349
COV	[122-122]	122	3372
COV	[123-123]	123	3089
COV	[124-124]	124	3180
COV	[125-125]	125	3024
COV	[126-126]	126	3045
COV	[127-127]	127	2879
COV	[128-128]	128	2784
COV	[129-129]	129	2841
COV	[130-130]	130	2558
COV	[131-131]	131	2639
COV	[132-132]	132	2588
COV	[133-133]	133	2567
COV	[134-134]	134	2498
COV	[135-135]	135	2375
COV	[136-136]	136	2505
COV	[137-137]	137	2326
COV	[138-138]	138	2132
COV	[139-139]	139	2262
COV	[140-140]	140	1996
COV	[141-141]	141	2241
COV	[142-142]	142	2152
COV	[143-143]	143	2123
COV	[144-144]	144	1996
COV	[145-145]	145	2024
COV	[146-146]	146	2057
COV	[147-147]	147	2016
COV	[148-148]	148	1967
COV	[149-149]	149	1854
COV	[150-150]	150	1898
COV	[151-151]	151	1923
COV	[152-152]	152	1888
COV	[153-153]	153	1808
COV	[154-154]	154	1866
COV	[155-155]	155	1796
COV	[156-156]	156	1702
COV	[157-157]	157	1679
COV	[158-158]	158	1683
COV	[159-159]	159	1644
COV	[160-160]	160	1564
COV	[161-161]	161	1664
COV	[162-162]	162	1582
COV	[163-163]	163	1534
COV	[164-164]	164	1494
COV	[165-165]	165	1420
COV	[166-166]	166	1422
COV	[167-167]	167	1359
COV	[168-168]	168	1408
COV	[169-169]	169	1289
COV	[170-170]	170	1350
COV	[171-171]	171	1291
COV	[172-172]	172	1215
COV	[173-173]	173	1230
COV	[174-174]	174	1268
COV	[175-175]	175	1252
COV	[176-176]	176	1277
COV	[177-177]	177	1214
COV	[178-178]	178	1167
COV	[179-179]	179	1232
COV	[180-180]	180	1106
COV	[181-181]	181	1144
COV	[182-182]	182	1068
COV	[183-183]	183	1012
COV	[184-184]	184	1090
COV	[185-185]	185	1052
COV	[186-186]	186	1037
COV	[187-187]	187	1063
COV	[188-188]	188	1008
COV	[189-189]	189	974
COV	[190-190]	190	934
COV	[191-191]	191	966
COV	[192-192]	192	887
COV	[193-193]	193	820
COV	[194-194]	194	910
COV	[195-195]	195	924
COV	[196-196]	196	880
COV	[197-197]	197	806
COV	[198-198]	198	857
COV	[199-199]	199	886
COV	[200-200]	200	861
COV	[201-201]	201	791
COV	[202-202]	202	749
COV	[203-203]	203	781
COV	[204-204]	204	802
COV	[205-205]	205	724
COV	[206-206]	206	777
COV	[207-207]	207	702
COV	[208-208]	208	701
COV	[209-209]	209	712
COV	[210-210]	210	681
COV	[211-211]	211	701
COV	[212-212]	212	695
COV	[213-213]	213	621
COV	[214-214]	214	612
COV	[215-215]	215	650
COV	[216-216]	216	568
COV	[217-217]	217	582
COV	[218-218]	218	610
COV	[219-219]	219	621
COV	[220-220]	220	628
COV	[221-221]	221	602
COV	[222-222]	222	535
COV	[223-223]	223	548
COV	[224-224]	224	542
COV	[225-225]	225	576
COV	[226-226]	226	514
COV	[227-227]	227	488
COV	[228-228]	228	517
COV	[229-229]	229	489
COV	[230-230]	230	491
COV	[231-231]	231	457
COV	[232-232]	232	446
COV	[233-233]	233	452
COV	[234-234]	234	472
COV	[235-235]	235	445
COV	[236-236]	236	443
COV	[237-237]	237	430
COV	[238-238]	238	413
COV	[239-239]	239	431
COV	[240-240]	240	389
COV	[241-241]	241	377
COV	[242-242]	242	379
COV	[243-243]	243	362
COV	[244-244]	244	389
COV	[245-245]	245	379
COV	[246-246]	246	377
COV	[247-247]	247	355
COV	[248-248]	248	369
COV	[249-249]	249	321
COV	[250-250]	250	347
COV	[251-251]	251	294
COV	[252-252]	252	363
COV	[253-253]	253	297
COV	[254-254]	254	302
COV	[255-255]	255	309
COV	[256-256]	256	304
COV	[257-257]	257	308
COV	[258-258]	258	314
COV	[259-259]	259	289
COV	[260-260]	260	248
COV	[261-261]	261	261
COV	[262-262]	262	281
COV	[263-263]	263	297
COV	[264-264]	264	294
COV	[265-265]	265	254
COV	[266-266]	266	222
COV	[267-267]	267	263
COV	[268-268]	268	222
COV	[269-269]	269	224
COV	[270-270]	270	199
COV	[271-271]	271	251
COV	[272-272]	272	178
COV	[273-273]	273	190
COV	[274-274]	274	214
COV	[275-275]	275	219
COV	[276-276]	276	201
COV	[277-277]	277	197
COV	[278-278]	278	186
COV	[279-279]	279	191
COV	[280-280]	280	205
COV	[281-281]	281	206
COV	[282-282]	282	203
COV	[283-283]	283	178
COV	[284-284]	284	173
COV	[285-285]	285	164
COV	[286-286]	286	175
COV	[287-287]	287	145
COV	[288-288]	288	135
COV	[289-289]	289	138
COV	[290-290]	290	159
COV	[291-291]	291	148
COV	[292-292]	292	144
COV	[293-293]	293	141
COV	[294-294]	294	155
COV	[295-295]	295	132
COV	[296-296]	296	123
COV	[297-297]	297	150
COV	[298-298]	298	140
COV	[299-299]	299	145
COV	[300-300]	300	110
COV	[301-301]	301	138
COV	[302-302]	302	121
COV	[303-303]	303	152
COV	[304-304]	304	117
COV	[305-305]	305	112
COV	[306-306]	306	133
COV	[307-307]	307	88
COV	[308-308]	308	108
COV	[309-309]	309	122
COV	[310-310]	310	127
COV	[311-311]	311	87
COV	[312-312]	312	89
COV	[313-313]	313	84
COV	[314-314]	314	102
COV	[315-315]	315	77
COV	[316-316]	316	91
COV	[317-317]	317	68
COV	[318-318]	318	96
COV	[319-319]	319	87
COV	[320-320]	320	85
COV	[321-321]	321	94
COV	[322-322]	322	93
COV	[323-323]	323	93
COV	[324-324]	324	87
COV	[325-325]	325	79
COV	[326-326]	326	74
COV	[327-327]	327	72
COV	[328-328]	328	83
COV	[329-329]	329	58
COV	[330-330]	330	89
COV	[331-331]	331	75
COV	[332-332]	332	65
COV	[333-333]	333	81
COV	[334-334]	334	64
COV	[335-335]	335	60
COV	[336-336]	336	63
COV	[337-337]	337	67
COV	[338-338]	338	63
COV	[339-339]	339	68
COV	[340-340]	340	69
COV	[341-341]	341	72
COV	[342-342]	342	69
COV	[343-343]	343	60
COV	[344-344]	344	52
COV	[345-345]	345	59
COV	[346-346]	346	55
COV	[347-347]	347	44
COV	[348-348]	348	70
COV	[349-349]	349	75
COV	[350-350]	350	39
COV	[351-351]	351	65
COV	[352-352]	352	68
COV	[353-353]	353	55
COV	[354-354]	354	52
COV	[355-355]	355	44
COV	[356-356]	356	51
COV	[357-357]	357	54
COV	[358-358]	358	50
COV	[359-359]	359	53
COV	[360-360]	360	41
COV	[361-361]	361	57
COV	[362-362]	362	55
COV	[363-363]	363	47
COV	[364-364]	364	36
COV	[365-365]	365	44
COV	[366-366]	366	45
COV	[367-367]	367	48
COV	[368-368]	368	42
COV	[369-369]	369	39
COV	[370-370]	370	26
COV	[371-371]	371	34
COV	[372-372]	372	28
COV	[373-373]	373	26
COV	[374-374]	374	30
COV	[375-375]	375	21
COV	[376-376]	376	32
COV	[377-377]	377	40
COV	[378-378]	378	26
COV	[379-379]	379	27
COV	[380-380]	380	37
COV	[381-381]	381	39
COV	[382-382]	382	18
COV	[383-383]	383	32
COV	[384-384]	384	26
COV	[385-385]	385	29
COV	[386-386]	386	26
COV	[387-387]	387	53
COV	[388-388]	388	21
COV	[389-389]	389	26
COV	[390-390]	390	27
COV	[391-391]	391	44
COV	[392-392]	392	23
COV	[393-393]	393	17
COV	[394-394]	394	15
COV	[395-395]	395	14
COV	[396-396]	396	14
COV	[397-397]	397	28
COV	[398-398]	398	29
COV	[399-399]	399	15
COV	[400-400]	400	24
COV	[401-401]	401	16
COV	[402-402]	402	15
COV	[403-403]	403	10
COV	[404-404]	404	22
COV	[405-405]	405	18
COV	[406-406]	406	12
COV	[407-407]	407	23
COV	[408-408]	408	16
COV	[409-409]	409	12
COV	[410-410]	410	17
COV	[411-411]	411	19
COV	[412-412]	412	11
COV	[413-413]	413	7
COV	[414-414]	414	14
COV	[415-415]	415	9
COV	[416-416]	416	3
COV	[417-417]	417	7
COV	[418-418]	418	11
COV	[419-419]	419	8
COV	[420-420]	420	11
COV	[421-421]	421	10
COV	[422-422]	422	4
COV	[423-423]	423	12
COV	[424-424]	424	10
COV	[425-425]	425	10
COV	[426-426]	426	10
COV	[427-427]	427	9
COV	[428-428]	428	16
COV	[429-429]	429	14
COV	[430-430]	430	12
COV	[431-431]	431	8
COV	[432-432]	432	9
COV	[433-433]	433	6
COV	[434-434]	434	11
COV	[435-435]	435	9
COV	[436-436]	436	12
COV	[437-437]	437	12
COV	[438-438]	438	9
COV	[439-439]	439	4
COV	[440-440]	440	7
COV	[441-441]	441	4
COV	[442-442]	442	8
COV	[443-443]	443	10
COV	[444-444]	444	8
COV	[445-445]	445	9
COV	[446-446]	446	12
COV	[447-447]	447	10
COV	[448-448]	448	4
COV	[449-449]	449	5
COV	[450-450]	450	2
COV	[451-451]	451	7
COV	[452-452]	452	2
COV	[453-453]	453	5
COV	[454-454]	454	4
COV	[455-455]	455	6
COV	[456-456]	456	3
COV	[457-457]	457	5
COV	[458-458]	458	3
COV	[459-459]	459	7
COV	[460-460]	460	3
COV	[461-461]	461	3
COV	[462-462]	462	3
COV	[463-463]	463	4
COV	[464-464]	464	1
COV	[465-465]	465	2
COV	[466-466]	466	2
COV	[467-467]	467	7
COV	[468-468]	468	4
COV	[469-469]	469	1
COV	[470-470]	470	1
COV	[471-471]	471	5
COV	[472-472]	472	6
COV	[473-473]	473	4
COV	[474-474]	474	2
COV	[475-475]	475	3
COV	[476-476]	476	5
COV	[477-477]	477	5
COV	[478-478]	478	1
COV	[479-479]	479	5
COV	[481-481]	481	3
COV	[482-482]	482	4
COV	[483-483]	483	1
COV	[484-484]	484	3
COV	[485-485]	485	2
COV	[487-487]	487	1
COV	[488-488]	488	4
COV	[489-489]	489	4
COV	[490-490]	490	2
COV	[491-491]	491	2
COV	[492-492]	492	2
COV	[493-493]	493	2
COV	[494-494]	494	1
COV	[495-495]	495	8
COV	[497-497]	497	1
COV	[498-498]	498	2
COV	[499-499]	499	1
COV	[500-500]	500	3
COV	[501-501]	501	8
COV	[502-502]	502	4
COV	[503-503]	503	1
COV	[504-504]	504	2
COV	[505-505]	505	18
COV	[506-506]	506	2
COV	[507-507]	507	1
COV	[508-508]	508	1
COV	[510-510]	510	1
COV	[511-511]	511	1
COV	[514-514]	514	3
COV	[515-515]	515	1
COV	[517-517]	517	2
COV	[518-518]	518	1
COV	[519-519]	519	5
COV	[520-520]	520	1
COV	[521-521]	521	1
COV	[522-522]	522	1
COV	[523-523]	523	2
COV	[524-524]	524	1
COV	[526-526]	526	2
COV	[527-527]	527	1
COV	[528-528]	528	2
COV	[530-530]	530	1
COV	[532-532]	532	7
COV	[533-533]	533	1
COV	[536-536]	536	1
COV	[537-537]	537	2
COV	[538-538]	538	4
COV	[539-539]	539	3
COV	[540-540]	540	2
COV	[541-541]	541	6
COV	[542-542]	542	4
COV	[543-543]	543	1
COV	[544-544]	544	3
COV	[546-546]	546	2
COV	[547-547]	547	1
COV	[548-548]	548	3
COV	[549-549]	549	2
COV	[550-550]	550	3
COV	[551-551]	551	1
COV	[552-552]	552	2
COV	[553-553]	553	2
COV	[554-554]	554	5
COV	[555-555]	555	1
COV	[556-556]	556	3
COV	[557-557]	557	2
COV	[558-558]	558	3
COV	[559-559]	559	3
COV	[560-560]	560	2
COV	[561-561]	561	4
COV	[562-562]	562	2
COV	[563-563]	563	1
COV	[564-564]	564	4
COV	[565-565]	565	3
COV	[566-566]	566	2
COV	[567-567]	567	1
COV	[568-568]	568	1
COV	[569-569]	569	4
COV	[570-570]	570	3
COV	[571-571]	571	1
COV	[572-572]	572	3
COV	[573-573]	573	2
COV	[574-574]	574	1
COV	[575-575]	575	1
COV	[576-576]	576	3
COV	[577-577]	577	1
COV	[580-580]	580	1
COV	[582-582]	582	2
COV	[585-585]	585	1
COV	[587-587]	587	3
COV	[588-588]	588	2
COV	[589-589]	589	2
COV	[590-590]	590	3
COV	[591-591]	591	1
COV	[592-592]	592	1
COV	[594-594]	594	1
COV	[595-595]	595	2
COV	[596-596]	596	1
COV	[597-597]	597	2
COV	[598-598]	598	4
COV	[599-599]	599	1
COV	[600-600]	600	1
COV	[602-602]	602	2
COV	[603-603]	603	2
COV	[604-604]	604	16
COV	[605-605]	605	1
COV	[606-606]	606	3
COV	[607-607]	607	1
COV	[608-608]	608	1
COV	[609-609]	609	2
COV	[611-611]	611	1
COV	[616-616]	616	1
COV	[617-617]	617	1
COV	[618-618]	618	2
COV	[619-619]	619	4
COV	[620-620]	620	1
COV	[621-621]	621	1
COV	[626-626]	626	2
COV	[628-628]	628	1
COV	[629-629]	629	1
COV	[632-632]	632	2
COV	[640-640]	640	1
COV	[642-642]	642	2
COV	[643-643]	643	2
COV	[644-644]	644	4
COV	[646-646]	646	4
COV	[648-648]	648	2
COV	[651-651]	651	1
COV	[652-652]	652	7
COV	[653-653]	653	3
COV	[656-656]	656	1
COV	[662-662]	662	1
COV	[667-667]	667	2
COV	[668-668]	668	1
COV	[678-678]	678	2
COV	[680-680]	680	1
COV	[682-682]	682	1
COV	[685-685]	685	1
COV	[691-691]	691	1
COV	[696-696]	696	1
COV	[697-697]	697	1
COV	[702-702]	702	2
COV	[707-707]	707	1
COV	[709-709]	709	1
COV	[712-712]	712	1
COV	[714-714]	714	1
COV	[716-716]	716	1
COV	[718-718]	718	1
COV	[720-720]	720	1
COV	[723-723]	723	1
COV	[726-726]	726	2
COV	[729-729]	729	1
COV	[730-730]	730	1
COV	[731-731]	731	1
COV	[732-732]	732	1
COV	[734-734]	734	1
COV	[735-735]	735	1
COV	[737-737]	737	1
COV	[738-738]	738	2
COV	[739-739]	739	1
COV	[740-740]	740	4
COV	[743-743]	743	1
COV	[746-746]	746	1
COV	[747-747]	747	1
COV	[750-750]	750	1
COV	[751-751]	751	1
COV	[752-752]	752	2
COV	[754-754]	754	2
COV	[756-756]	756	4
COV	[758-758]	758	1
COV	[764-764]	764	1
COV	[765-765]	765	1
COV	[768-768]	768	1
COV	[770-770]	770	1
COV	[772-772]	772	1
COV	[773-773]	773	1
COV	[775-775]	775	1
COV	[776-776]	776	2
COV	[778-778]	778	1
COV	[781-781]	781	2
COV	[784-784]	784	1
COV	[787-787]	787	1
COV	[794-794]	794	1
COV	[795-795]	795	1
COV	[796-796]	796	1
COV	[798-798]	798	1
COV	[800-800]	800	3
COV	[802-802]	802	1
COV	[808-808]	808	2
COV	[814-814]	814	1
COV	[816-816]	816	2
COV	[824-824]	824	2
COV	[825-825]	825	1
COV	[828-828]	828	1
COV	[830-830]	830	1
COV	[832-832]	832	1
COV	[833-833]	833	1
COV	[834-834]	834	2
COV	[835-835]	835	1
COV	[837-837]	837	1
COV	[842-842]	842	1
COV	[843-843]	843	2
COV	[844-844]	844	1
COV	[845-845]	845	1
COV	[850-850]	850	1
COV	[852-852]	852	2
COV	[860-860]	860	2
COV	[862-862]	862	2
COV	[863-863]	863	1
COV	[868-868]	868	1
COV	[870-870]	870	1
COV	[875-875]	875	1
COV	[883-883]	883	1
COV	[887-887]	887	1
COV	[891-891]	891	1
COV	[892-892]	892	1
COV	[896-896]	896	1
COV	[901-901]	901	3
COV	[902-902]	902	2
COV	[903-903]	903	1
COV	[905-905]	905	1
COV	[907-907]	907	3
COV	[908-908]	908	1
COV	[909-909]	909	2
COV	[910-910]	910	1
COV	[912-912]	912	1
COV	[913-913]	913	1
COV	[917-917]	917	1
COV	[919-919]	919	3
COV	[920-920]	920	1
COV	[922-922]	922	1
COV	[923-923]	923	2
COV	[924-924]	924	1
COV	[930-930]	930	1
COV	[933-933]	933	1
COV	[941-941]	941	1
COV	[946-946]	946	1
COV	[1000-1000]	1000	1
COV	[1000<]	1000	158
# GC-depth. Use `grep ^GCD | cut -f 2-` to extract this part. The columns are: GC%, unique sequence percentiles, 10th, 25th, 50th, 75th and 90th depth percentile
GCD	0.0	0.003	0.000	0.000	0.000	0.000	0.000
GCD	13.0	0.005	0.038	0.038	0.038	0.038	0.038
GCD	15.0	0.007	0.019	0.019	0.019	0.019	0.019
GCD	17.0	0.008	0.013	0.013	0.013	0.013	0.013
GCD	18.0	0.010	0.006	0.006	0.006	0.006	0.006
GCD	19.0	0.013	0.006	0.006	0.006	0.032	0.032
GCD	20.0	0.020	0.006	0.006	0.006	0.019	0.026
GCD	21.0	0.023	0.006	0.006	0.006	0.006	0.006
GCD	22.0	0.028	0.006	0.006	0.006	0.013	0.013
GCD	23.0	0.037	0.003	0.003	0.013	0.026	0.070
GCD	24.0	0.047	0.006	0.006	0.013	0.070	0.070
GCD	25.0	0.062	0.006	0.006	0.013	0.019	0.045
GCD	26.0	0.099	0.006	0.013	0.019	0.038	0.058
GCD	27.0	0.152	0.006	0.013	0.019	0.064	0.115
GCD	28.0	0.219	0.006	0.019	0.045	0.083	0.109
GCD	29.0	0.328	0.013	0.026	0.058	0.102	0.154
GCD	30.0	0.458	0.013	0.032	0.090	0.147	0.288
GCD	31.0	0.767	0.019	0.045	0.090	0.186	0.384
GCD	32.0	1.214	0.026	0.064	0.128	0.237	0.390
GCD	33.0	1.956	0.045	0.109	0.192	0.384	1.024
GCD	34.0	3.460	0.064	0.134	0.307	0.998	1.392
GCD	35.0	6.724	0.115	0.250	0.902	1.328	1.600
GCD	36.0	13.502	0.173	0.614	1.139	1.446	1.702
GCD	37.0	25.413	0.269	0.915	1.251	1.542	1.802
GCD	38.0	41.410	0.454	1.005	1.296	1.587	1.878
GCD	39.0	57.144	0.461	0.986	1.302	1.626	1.952
GCD	40.0	70.852	0.499	1.008	1.338	1.699	2.112
GCD	41.0	80.657	0.416	0.982	1.344	1.795	2.326
GCD	42.0	87.448	0.333	0.979	1.386	1.907	2.515
GCD	43.0	91.631	0.186	0.941	1.510	2.150	2.912
GCD	44.0	94.454	0.128	0.826	1.526	2.352	3.264
GCD	45.0	96.260	0.109	0.765	1.610	2.582	3.526
GCD	46.0	97.343	0.102	0.531	1.712	2.752	3.728
GCD	47.0	98.132	0.038	0.186	1.594	2.922	4.378
GCD	48.0	98.641	0.032	0.179	1.715	2.842	4.275
GCD	49.0	98.998	0.032	0.173	1.747	2.998	4.218
GCD	50.0	99.239	0.019	0.147	1.459	2.726	3.341
GCD	51.0	99.457	0.006	0.090	1.773	3.085	4.387
GCD	52.0	99.580	0.019	0.173	1.805	2.848	4.154
GCD	53.0	99.674	0.006	0.051	1.194	2.720	3.453
GCD	54.0	99.751	0.006	0.013	0.042	2.630	4.509
GCD	55.0	99.811	0.006	0.019	0.442	2.608	4.186
GCD	56.0	99.834	0.006	0.013	0.070	2.326	2.854
GCD	57.0	99.861	0.006	0.006	0.038	0.070	1.811
GCD	58.0	99.881	0.006	0.013	0.026	1.802	1.958
GCD	59.0	99.901	0.006	0.006	0.019	1.574	2.810
GCD	60.0	99.921	0.006	0.013	0.026	1.894	2.637
GCD	61.0	99.933	0.006	0.070	1.734	2.608	4.192
GCD	62.0	99.957	0.006	0.006	1.603	3.274	4.714
GCD	63.0	99.980	0.006	0.013	1.398	3.155	4.355
GCD	64.0	99.993	0.006	1.683	2.989	4.544	6.688
GCD	66.0	99.995	0.006	0.006	0.006	0.006	0.006
GCD	67.0	99.998	0.045	0.045	0.045	0.320	0.320
GCD	75.0	100.000	0.006	0.006	0.006	0.006	0.006
